  0 99 99 99 99 99 99 99 99 99 99 99 99  0  0 99 99 99 99 99 99 99 99 99 99 99 99  0
 99 25 24 23 22 21 20 21 22 23 22 21 20 99 99 19 20 21 22 21 20 19 20 21 22 23 24 99
 99 24 99 99 99 99 19 99 99 99 99 99 19 99 99 18 99 99 99 99 99 18 99 99 99 99 23 99
 99 23 99 99 99 99 18 99 99 99 99 99 18 99 99 17 99 99 99 99 99 17 99 99 99 99 22 99
 99 22 21 20 19 18 17 16 15 14 15 16 17 18 17 16 15 14 13 14 15 16 17 18 19 20 21 99
 99 23 99 99 99 99 18 99 99 13 99 99 99 99 99 99 99 99 12 99 99 17 99 99 99 99 22 99
 99 24 99 99 99 99 19 99 99 12 99 99 99  0  0 99 99 99 11 99 99 18 99 99 99 99 23 99
 99 25 24 23 22 21 20 99 99 11 10  9  8 99 99  7  8  9 10 99 99 19 20 21 22 23 24 99
  0 99 99 99 99 99 19 99  0 99 99 99  7 99 99  6 99 99 99  0 99 18 99 99 99 99 99  0
  0  0  0  0  0 99 18 99  0 99 99 99  6 99 99  5 99 99 99  0 99 17 99  0  0  0  0  0
  0  0  0  0  0 99 17 99 99  8  7  6  5  4  3  4  5  6  7 99 99 16 99  0  0  0  0  0
  0  0  0  0  0 99 16 99 99  9 99 99 99  3  2 99 99 99  8 99 99 15 99  0  0  0  0  0
  0 99 99 99 99 99 15 99 99 10 99  4  3  2  1  2  3 99  9 99 99 14 99 99 99 99 99  0
 99 19 18 17 16 15 14 13 12 11 99  3  2  1  2  1  2 99 10 11 12 13 14 15 16 17 18 99
  0 99 99 99 99 99 15 99 99 12 99  4  3  2  1  2  3 99 11 99 99 14 99 99 99 99 99  0
  0  0  0  0  0 99 16 99 99 13 99 99 99 99 99 99 99 99 12 99 99 15 99  0  0  0  0  0
  0  0  0  0  0 99 17 99 99 14 15 16 17 18 17 16 15 14 13 99 99 16 99  0  0  0  0  0
  0  0  0  0  0 99 18 99  0 99 99 99 18 99 99 17 99 99 99  0 99 17 99  0  0  0  0  0
  0 99 99 99 99 99 19 99  0 99 99 99 19 99 99 18 99 99 99  0 99 18 99 99 99 99 99  0
 99 25 24 23 22 21 20 99 99 23 22 21 20 99 99 19 20 21 22 99 99 19 20 21 22 23 24 99
 99 26 99 99 99 99 21 99 99 24 99 99 99  0  0 99 99 99 23 99 99 20 99 99 99 99 25 99
 99 27 99 99 99 99 22 99 99 25 99 99 99 99 99 99 99 99 24 99 99 21 99 99 99 99 26 99
 99 28 27 26 25 24 23 24 25 26 27 28 29 30 29 28 27 26 25 24 23 22 23 24 25 26 27 99
 99 29 99 99 99 99 24 99 99 99 99 99 30 99 99 29 99 99 99 99 99 23 99 99 99 99 28 99
 99 30 99 99 99 99 25 99 99 99 99 99 31 99 99 30 99 99 99 99 99 24 99 99 99 99 29 99
 99 31 30 29 28 27 26 27 28 29 30 31 32 99 99 31 30 29 28 27 26 25 26 27 28 29 30 99
  0 99 99 99 99 99 99 99 99 99 99 99 99  0  0 99 99 99 99 99 99 99 99 99 99 99 99  0
  0  0  0  0  0  0  0  0  0  0  0  0  0  0  0  0  0  0  0  0  0  0  0  0  0  0  0  0
  0  0  0  0  0  0  0  0  0  0  0  0  0  0  0  0  0  0  0  0  0  0  0  0  0  0  0  0
  0  0  0  0  0  0  0  0  0  0  0  0  0  0  0  0  0  0  0  0  0  0  0  0  0  0  0  0
  0  0  0  0  0  0  0  0  0  0  0  0  0  0  0  0  0  0  0  0  0  0  0  0  0  0  0  0
  0  0  0  0  0  0  0  0  0  0  0  0  0  0  0  0  0  0  0  0  0  0  0  0  0  0  0  0
